4221.9214
2655.6509
2106.6658
1795.2878
1637.5339
1350.6422
1242.9292
1088.7157
1048.6486
973.8947
833.7108
774.6752
730.8775
716.5859
692.1640
666.8533
655.1025
646.0385
634.2451
628.2442
619.1086
617.7574
614.1295
610.6094
610.3059
604.5664
603.6895
602.9317
601.6965
600.7484
599.8531
598.0767
596.4250
595.3090
593.5024
591.5354
590.9115
590.6777
589.4992
588.6160
588.2054
587.3397
586.3690
586.1267
585.0242
583.8908
583.7877
583.5607
582.5089
581.4620
581.3532
580.6628
579.8829
579.4211
578.9282
578.4960
578.0084
577.6735
577.0029
576.6803
576.1833
575.3445
574.8794
574.0829
573.3180
572.9927
572.9300
572.1929
571.9467
571.4302
571.2186
570.7819
570.0356
569.2487
569.0297
568.5470
568.1725
567.9823
567.2901
567.1377
566.4145
565.9836
565.4300
565.0195
564.5078
564.3571
563.8384
563.0158
562.7690
562.6879
562.1295
561.6749
561.4120
561.1837
560.7880
560.6647
559.6724
559.3748
559.1169
558.8536
558.6467
558.2366
558.0723
557.8358
557.0737
556.7302
556.3282
555.8192
555.3622
554.6269
554.5334
554.0902
553.9500
553.5674
553.3862
552.9465
552.5825
552.3627
551.7206
551.6570
551.2517
550.9581
550.7703
550.1977
549.6168
549.3677
549.1389
548.8205
548.7360
548.1410
547.8024
547.5200
547.0645
546.8861
546.3365
546.1272
545.9614
545.4992
545.2137
545.0573
544.5677
544.5221
544.2876
543.9045
543.7158
543.3887
542.7745
542.6039
542.4472
542.1159
541.6422
541.5057
541.4188
541.1672
540.9380
540.5693
540.1167
539.9119
539.3721
539.0076
538.8243
538.5221
538.4713
537.8754
537.6607
537.2277
537.1335
537.0344
536.7095
536.0812
536.0042
535.8748
535.7484
535.1894
534.6575
534.6205
534.5926
534.2894
533.8884
533.5173
533.4379
533.0615
532.9254
532.3542
532.0291
531.8273
531.6970
531.3575
531.2331
530.9799
530.7711
530.5637
530.1727
529.9416
529.3854
529.2914
529.1226
528.8662
528.5871
528.3566
528.1132
527.8135
527.5394
527.1539
526.6619
526.5005
526.4138
526.2539
525.8481
525.7745
525.2883
525.1024
524.7483
524.4857
524.1025
523.9481
523.7516
523.5469
523.1210
522.8727
522.8105
522.2936
522.0792
521.8705
521.7111
521.4625
521.2153
520.8455
520.3683
520.1332
519.9151
519.6982
519.5306
519.3570
518.9582
518.7515
518.4179
518.2828
517.8105
517.6038
517.2381
516.9616
516.7267
516.3461
516.1523
516.0319
515.9168
515.7830
515.3610
515.0859
515.0648
514.6189
514.3425
514.0283
513.7440
513.5491
513.3630
512.9457
512.8312
512.7091
512.3970
512.1146
512.0102
511.5995
511.1490
511.0407
510.7964
510.6996
510.5844
510.0445
510.0282
509.6187
509.1482
508.9762
508.7210
508.6329
508.2316
508.0641
507.7654
507.4648
507.2249
506.7329
506.5256
506.4775
506.0653
506.0042
505.8128
505.3911
504.9494
504.8644
504.7411
504.5886
504.2768
504.0734
503.8046
503.7371
503.1430
502.9790
502.7521
502.6419
502.5918
501.9967
501.7038
501.4287
501.0345
500.8419
500.7741
500.2516
500.0366
499.8054
499.5318
499.4669
499.3557
499.2325
498.7899
498.1377
497.9831
497.7323
497.5020
497.3791
496.9981
496.9640
496.6131
496.4580
496.3080
495.8550
495.2459
494.9562
494.8249
494.6337
494.3074
493.9526
493.8094
493.6270
493.2778
493.0252
492.5321
492.5039
492.2547
491.8312
491.6320
491.4919
491.4404
490.9519
490.8070
490.2604
490.0634
489.8369
489.7833
489.5340
489.1046
488.9286
488.6617
488.3145
488.3023
487.9613
487.8270
487.2742
487.1004
486.7931
486.4611
486.1898
485.8486
485.4220
485.1744
484.9523
484.5988
484.5681
484.2199
483.8594
483.4153
483.3882
482.6650
482.4431
482.1977
481.9303
481.5511
481.3973
481.0026
480.9204
480.6217
480.0116
479.6777
479.3513
479.0863
479.0242
478.5774
478.4150
477.9771
477.5105
477.1327
476.5864
476.3292
475.9955
475.7822
475.2386
474.8026
474.4523
474.2714
473.8029
473.4464
473.1619
472.5053
471.8677
471.8365
471.3546
471.1936
470.8562
470.0832
469.5657
469.1113
468.6165
468.1956
467.7660
467.2445
466.2966
465.3631
465.2618
464.7195
464.3352
463.9596
463.6320
463.0058
462.3152
461.9605
461.6688
460.7637
460.3781
460.0089
459.5725
459.1586
458.8842
458.0233
457.1172
456.6794
456.3833
456.2953
455.7691
454.6956
454.4519
454.1252
453.3075
453.1801
452.3139
451.8705
451.3271
451.0885
450.6730
450.4920
449.8448
449.6822
449.0869
448.7925
448.4023
448.3155
447.7828
447.6221
447.2661
446.9810
446.3529
445.8783
445.6273
445.2757
445.0897
444.5512
443.8397
443.6678
443.5513
443.0312
442.8552
442.5420
442.1381
441.8826
441.3475
441.0389
440.6949
440.2006
440.0787
439.9630
439.7479
439.3155
438.7080
438.5484
438.0625
437.9349
437.8827
437.4859
437.1756
436.9341
436.4300
436.3972
435.9505
435.6794
435.3112
435.0482
434.8948
434.8278
434.5435
434.1906
433.9371
433.4081
433.2285
432.8811
432.7896
432.4185
432.2757
431.8406
431.5244
431.4627
431.1072
430.8550
430.6602
430.4686
430.0072
429.8057
429.5018
429.3305
429.1753
428.9705
428.7786
428.5586
428.3552
427.9191
427.6714
427.5571
427.2562
426.9620
426.7733
426.7521
426.5578
426.4018
426.0201
425.8571
425.5526
425.3030
425.0005
424.6755
424.5538
424.3681
424.2632
423.8737
423.7778
423.6622
423.5064
423.1701
422.9943
422.6770
422.4776
422.2580
421.8351
421.7668
421.4889
421.2578
421.1837
421.0536
421.0056
420.8130
420.3176
420.0691
419.8464
419.7023
419.5103
419.2258
419.0685
418.7669
418.3959
418.3514
418.1515
417.8712
417.6609
417.5730
417.1683
417.0770
417.0025
416.7630
416.4762
416.3630
416.1763
415.9128
415.8442
415.5988
415.3741
415.0671
414.9180
414.6997
414.5286
414.0932
414.0738
413.9273
413.8047
413.5543
413.4167
413.2971
412.9638
412.7736
412.6852
412.3925
412.3155
412.2136
412.1408
411.7771
411.6783
411.4885
411.3503
411.2332
411.0583
410.8279
410.6367
410.4851
410.1012
409.9185
409.7480
409.5391
409.4668
409.3828
409.1022
408.7364
408.6922
408.4499
408.3338
408.1683
407.9419
407.7517
407.6699
407.5811
407.2812
407.2100
407.0757
406.9952
406.7492
406.6932
406.5435
406.4343
405.9656
405.7108
405.5876
405.5164
405.4641
405.2734
405.0150
404.7552
404.6329
404.4671
404.2485
404.2089
404.0472
403.8328
403.6559
403.4864
403.2069
403.1118
403.0177
402.6721
402.4500
402.3387
402.2096
402.0869
401.9827
401.6946
401.6063
401.1171
401.0596
401.0238
400.7509
400.6178
400.6032
400.2855
400.1400
400.0241
399.7427
399.6917
399.5542
399.3922
399.2432
399.1472
398.9900
398.9252
398.7627
398.4709
398.4224
398.3253
398.1959
398.0154
397.8900
397.6164
397.5577
397.2954
397.1598
396.8047
396.7551
396.6775
396.5504
396.5029
396.3940
396.1001
395.8841
395.8162
395.7666
395.5570
395.3704
395.0821
394.9954
394.7920
394.4887
394.4003
394.3147
394.1428
393.9417
393.7805
393.6786
393.3893
393.2808
393.1785
393.0802
393.0358
392.7657
392.6547
392.5389
392.4267
392.1951
392.0982
391.8311
391.6906
391.4633
391.4070
391.3130
391.0485
390.8915
390.7978
390.7112
390.6606
390.2863
390.0944
390.0572
389.8093
389.7088
389.5409
389.5135
389.3047
389.2800
389.1192
388.9664
388.6425
388.4872
388.4555
388.2344
388.1852
388.0562
388.0222
387.8771
387.5453
387.4854
387.3023
387.1904
387.0635
386.8165
386.7953
386.6377
386.5206
386.4146
386.2364
385.9071
385.8593
385.5903
385.4877
385.3575
385.2538
385.1732
385.0509
384.9551
384.9477
384.7412
384.5497
384.3246
384.2396
384.2035
384.0768
383.9281
383.7863
383.6004
383.5168
383.3022
383.2762
383.0946
382.9850
382.7958
382.6323
382.4920
382.4219
382.2253
382.1087
382.0722
381.8778
381.6633
381.5514
381.4443
381.2664
381.1343
380.9716
380.9024
380.8259
380.5995
380.4379
380.3694
380.2960
380.1075
380.0332
379.9719
379.6247
379.5737
379.4664
379.3448
379.2625
379.1083
379.0696
378.9138
378.8209
378.6744
378.4919
378.4306
378.2411
378.1388
377.9275
377.8483
377.7367
377.5495
377.4073
377.3662
377.1546
377.1027
376.8733
376.7233
376.6978
376.4529
376.3481
376.1935
376.1775
376.0561
375.7778
375.6041
375.4951
375.3499
375.3087
375.1937
374.9859
374.7517
374.7184
374.5851
374.4215
374.3256
374.2217
374.0663
373.8695
373.8354
373.6704
373.6374
373.4343
373.2297
373.1759
372.9365
372.8726
372.7451
372.6167
372.4988
372.3094
372.1623
372.1127
372.0057
371.7795
371.6846
371.5301
371.4158
371.2851
371.2239
371.1060
370.9383
370.8075
370.7152
370.6361
370.4934
370.3141
370.0901
370.0283
370.0136
369.9178
369.7312
369.6185
369.5338
369.4056
369.2256
369.1508
369.1047
368.9420
368.7199
368.5941
368.5670
368.4868
368.3314
368.1219
368.0557
367.9720
367.8116
367.7359
367.6970
367.5672
367.4999
367.3994
367.2804
366.9990
366.9434
366.9104
366.8908
366.5942
366.5609
366.4342
366.1563
366.1158
366.0324
365.9724
365.7353
365.6042
365.5422
365.3468
365.2994
365.1508
364.9149
364.8345
364.7485
364.5658
364.5059
364.4459
364.3539
364.2389
364.1378
363.9634
363.7568
363.7310
363.5517
363.4658
363.4022
363.2473
363.1720
363.0357
362.7339
362.6664
362.5793
362.4106
362.3341
362.2160
362.1133
362.0304
361.8874
361.8255
361.5606
361.5217
361.3707
361.2894
361.2199
360.9634
360.8557
360.5948
360.5377
360.4162
360.3405
360.2086
360.1507
360.0219
359.9324
359.6927
359.5630
359.4141
359.3806
359.2451
359.1943
359.0530
358.9547
358.8918
358.7810
358.6028
358.4445
358.2982
358.2811
358.1452
358.0844
358.0424
357.8622
357.6957
357.5553
357.4130
357.3594
357.1401
357.0793
356.8960
356.8604
356.7431
356.5739
356.3943
356.3784
356.3110
356.1439
356.0484
355.9460
355.8076
355.6067
355.5785
355.4174
355.2583
355.2038
355.0240
354.9801
354.8669
354.7909
354.6799
354.6267
354.3626
354.2598
354.1120
354.0734
353.8924
353.7473
353.6780
353.5198
353.3472
353.2972
353.1781
353.1142
353.0172
352.8174
352.6400
352.6059
352.4433
352.2184
352.1354
352.0499
351.9121
351.8837
351.6397
351.6270
351.5793
351.3643
351.2627
351.2228
351.0560
350.8350
350.7737
350.5755
350.4702
350.4420
350.3484
350.1741
350.0247
349.9908
349.9394
349.7902
349.5784
349.4585
349.4268
349.2768
349.0761
348.9887
348.9609
348.7391
348.5739
348.5184
348.4207
348.3031
348.1527
348.0552
347.8982
347.6656
347.5819
347.5044
347.3023
347.1918
347.1728
347.1141
346.9803
346.8874
346.7902
346.6083
346.4712
346.3942
346.2747
346.1748
345.9933
345.9312
345.8188
345.6644
345.6385
345.4307
345.2424
345.1884
345.0564
344.9576
344.8616
344.6834
344.6111
344.4728
344.3957
344.1867
344.1416
344.1407
343.9478
343.8333
343.6914
343.4387
343.4057
343.3110
343.2214
342.9925
342.9092
342.7325
342.6539
342.5027
342.3979
342.1869
342.1567
342.0110
341.9388
341.8903
341.6753
341.5031
341.3184
341.2740
340.9738
340.8853
340.7701
340.6573
340.4569
340.3961
340.2610
340.1702
340.0328
339.9691
339.8577
339.8404
339.7040
339.5197
339.4074
339.1432
338.9801
338.9640
338.8498
338.7569
338.6644
338.5282
338.4312
338.3231
338.1652
338.1161
337.8982
337.7137
337.5540
337.3664
337.2548
337.1195
336.9837
336.8924
336.7810
336.6027
336.4771
336.3131
336.2581
336.1945
336.0572
335.8661
335.7530
335.6219
335.5116
335.3025
335.1537
335.0907
334.9641
334.8123
334.7481
334.5836
334.3755
334.2422
334.0959
333.9388
333.7624
333.5594
333.4521
333.2992
333.1709
332.9449
332.8350
332.7519
332.6186
332.3598
332.1866
332.1089
332.0566
331.9955
331.7830
331.6243
331.4619
331.3033
331.1809
331.0676
330.8491
330.8017
330.4876
330.3297
330.2194
330.1175
330.0157
329.9077
329.8239
329.6085
329.4254
329.1716
328.9972
328.9559
328.8823
328.6166
328.4702
328.2414
328.1247
327.7845
327.6961
327.6322
327.4893
327.1898
327.0929
326.9021
326.7886
326.7616
326.5648
326.3560
326.1713
325.9372
325.7159
325.5820
325.5128
325.2354
325.1755
324.8463
324.6377
324.4659
324.3969
324.2110
323.9656
323.8729
323.5968
323.4694
323.1367
322.9742
322.9173
322.6929
322.5229
322.3920
322.0403
321.9538
321.8845
321.6355
321.1194
321.0228
320.7538
320.6532
320.5640
320.1903
320.0544
319.4767
319.1837
319.0751
318.8393
318.6692
318.3726
318.1494
317.7693
317.3204
317.0075
316.8535
316.7695
315.9637
315.7151
315.4523
315.0082
314.8073
314.6474
314.0897
313.5019
312.7654
311.9138
1.0992
