75.3245 -21.1548 109.4310 76.0376
75.9692 -18.6019 111.4763 77.1975
66.8239 95.0379 -52.8336 -37.4082
67.5683 97.0045 -44.4293 -40.5159
70.5737 68.4462 -84.5006 44.1280
65.4630 79.2896 -56.5594 18.6445
66.6858 72.8853 -56.4099 21.2867
67.6644 96.7202 -48.7729 -39.5345
67.0134 99.7394 -46.6824 -39.2191
95.0560 -51.4053 -121.3060 -22.7453
93.5747 -48.3608 -126.5768 -21.2468
66.1680 96.6954 -43.0441 -44.5225
66.9421 99.3717 -47.3012 -41.8814
70.4209 70.0030 -80.2584 40.3428
64.1806 97.6842 -50.8097 -44.0502
71.2668 69.2612 -79.5080 39.1077
72.8687 65.8514 -83.0784 37.9761
64.8347 65.2358 -62.0335 43.3898
63.0886 102.6958 -48.7816 -47.0229
65.9926 100.1898 -51.3586 -41.2346
101.5322 -70.2912 -128.7048 -19.8355
100.4094 -69.1684 -136.2884 -16.4646
100.0427 -69.9183 -135.6460 -19.6977
98.7451 -59.6352 -126.9697 -20.2398
65.7482 97.1027 -48.7139 -30.4378
64.6262 96.0156 -43.6661 -42.7218
63.8880 97.5739 -49.2106 -41.5806
74.2117 58.8399 -86.7025 45.6462
63.5320 95.9287 -46.6791 -38.8635
67.1069 100.6770 -45.6285 -39.1927
63.4539 95.8581 -43.4918 -36.2751
68.8689 65.8912 -76.3842 37.1887
72.8366 66.4278 -80.8935 45.5687
100.4398 -61.3446 -110.7055 -20.1430
65.8572 93.1464 -30.3745 -41.9578
99.0849 -57.2840 -116.1330 -20.6025
68.6877 87.3230 -30.5242 -35.5289
68.5733 69.5197 -55.6931 27.4122
66.2901 94.5319 -41.6503 -40.8439
64.7001 65.7458 -51.7767 30.2056
67.3290 70.4810 -52.6047 23.9570
68.3105 68.2334 -50.8308 25.4074
67.8616 68.6285 -47.0964 20.6753
67.3538 77.9985 -43.8242 16.5120
96.0167 -60.1460 -124.8167 -21.4180
63.7509 79.9779 -61.0853 22.7674
64.5924 100.8460 -44.3627 -42.7046
103.0535 -67.1227 -136.5363 -20.9276
100.8112 -77.5909 -135.1609 -16.2808
65.7398 80.8595 -59.0926 20.8244
66.0282 79.6560 -64.9541 28.5410
71.1745 64.1745 -85.4723 41.7385
71.6303 67.6588 -87.8319 43.4088
96.6050 -55.1932 -122.5323 -20.9803
97.6247 -49.0395 -116.3697 -18.3807
98.8123 -69.4565 -131.6373 -16.9779
101.8288 -74.2133 -138.5003 -20.6559
71.2053 68.7635 -79.2735 38.3476
100.2075 -71.9979 -134.9620 -16.3499
72.0030 65.6132 -81.8063 39.5272
98.1282 -57.1530 -128.5598 -20.1665
96.5696 -62.3901 -122.9765 -21.3394
99.4989 -64.5052 -131.6883 -20.6599
71.8391 70.8079 -82.1004 39.5244
68.3911 71.6366 -77.8376 42.6533
104.5717 -69.1047 -120.6831 -16.6827
97.1153 -55.9788 -115.9722 -20.7823
101.2419 -71.8339 -126.8619 -18.7330
99.4341 -66.8658 -119.7969 -15.1701
98.6535 -59.5952 -123.7561 -14.6337
101.7160 -70.1975 -123.0323 -19.0539
105.0077 -74.2262 -121.6876 -17.3514
103.6160 -77.2789 -126.5552 -19.7673
102.0813 -66.0851 -120.6778 -12.8947
68.9299 77.0771 -37.8928 -39.5374
66.4781 48.7203 -69.0828 74.7170
100.4901 -64.6623 -117.5123 -19.1657
99.8829 -61.6678 -124.9047 -18.0925
69.4845 47.2865 -74.7261 73.8216
71.0791 48.0106 -66.6995 69.7356
102.8555 -74.1359 -118.9234 -19.4871
100.1707 -58.6910 -115.2273 -13.8895
99.1686 -59.9892 -116.7386 -12.2707
102.8239 -61.1512 -117.6245 -16.8262
100.9426 -69.9609 -119.1747 -13.6856
102.5928 -66.4844 -123.3686 -19.8094
103.1912 -70.1587 -126.0896 -18.3920
97.5483 -39.7377 -110.4218 -18.2576
102.3990 -68.6787 -119.8604 -16.6141
102.7942 -71.7108 -125.7648 -20.6457
99.6259 -63.6443 -119.9799 -16.7640
102.8789 -62.3510 -122.0348 -17.0770
100.3778 -60.6762 -114.3304 -17.5586
101.1711 -67.7818 -126.7542 -18.4237
102.6554 -68.4465 -120.5206 -17.1910
98.9935 -67.0441 -117.0719 -15.0684
106.2698 -70.1694 -118.7807 -16.9382
102.2198 -71.9685 -121.8147 -18.4366
100.6314 -66.3032 -122.1964 -18.6038
102.7626 -75.6185 -124.7294 -19.9566
69.5416 93.5559 -34.4340 -41.2373
70.5885 95.7929 -34.4635 -47.8909
102.2980 -74.0885 -120.0699 -12.2621
63.7203 91.9508 -40.4443 -38.8505
67.2790 91.2833 -37.0387 -38.8084
69.7748 49.7970 -68.5686 76.1955
71.0858 45.6337 -66.6224 78.9533
102.0998 -71.8611 -122.0664 -16.5589
68.6429 46.9929 -65.1678 75.8648
69.6267 43.8740 -67.2216 73.5158
65.5424 51.2349 -77.7886 75.9390
100.1078 -62.3322 -117.3567 -16.2517
86.8021 -37.1819 90.9644 82.6958
116.3927 -147.0434 26.0972 -13.8401
118.2312 -156.3770 14.5316 -9.0815
75.0768 -26.5070 117.2204 80.0384
73.3870 -23.5405 110.1240 83.2483
113.3716 -145.4503 27.9166 -11.3635
116.7461 -151.4940 25.2317 -12.6734
111.1072 -134.2363 40.5166 -9.8988
114.0806 -140.4392 33.3949 -11.0319
116.3558 -145.2370 17.3370 -4.0697
113.0881 -137.7066 38.2066 -13.5437
114.9409 -144.8538 25.3878 -10.7215
115.8045 -145.4834 32.4653 -14.1910
113.2763 -131.9777 28.0770 -6.3275
115.7124 -147.8899 17.9872 -8.6302
113.5281 -129.2509 44.5884 -13.5913
86.0857 2.5167 138.5796 -26.6091
71.9798 -20.4418 114.5850 81.4290
117.7027 -157.0213 16.2238 -7.1980
85.9479 -37.1210 85.9870 85.3989
120.1748 -154.2404 21.6558 -10.1251
119.5763 -157.9727 21.8604 -11.0538
119.5066 -157.9282 22.3010 -10.4047
75.5940 -26.0110 117.7780 79.1376
73.4538 -22.3117 112.7552 76.9014
80.4589 -32.3073 80.5698 85.8468
85.3562 -39.3525 86.7309 88.6687
72.8940 -27.6102 116.8442 82.9381
20.1694 53.5824 -41.1110 26.6525
117.6886 -148.6532 15.3605 -7.8386
117.0135 -148.8650 21.9301 -3.9068
115.1246 -147.6292 21.7704 -4.6059
117.2303 -147.2407 20.0268 -5.2732
117.8137 -150.8144 19.0164 -5.0744
73.2157 -25.4726 114.2685 83.8131
71.1114 -25.0422 114.7614 81.7021
117.5430 -147.2533 26.4314 -11.6574
113.0665 -149.2013 27.9154 -12.3214
116.3535 -146.5211 28.2642 -12.1418
116.6886 -147.9738 14.4623 -6.4368
116.7055 -151.9207 16.5949 -8.0245
115.3968 -152.8403 20.0484 -3.6272
115.6881 -145.4008 26.3300 -4.9636
82.0022 19.8837 145.9611 -43.6449
72.4841 -22.4409 114.9624 81.3413
42.4843 49.7321 -54.2755 47.9024
43.6791 107.9726 -29.4334 -53.8714
81.5878 -11.6003 139.9071 -44.7707
114.6954 -155.0416 27.4399 -13.2152
116.4126 -156.7410 24.4921 -12.9795
114.9275 -153.0117 26.2368 -8.0662
119.3077 -166.0083 21.1013 -11.0531
110.2677 -135.7975 38.1379 -11.9106
117.2448 -149.4016 24.3083 -9.5418
118.8319 -167.0336 22.7800 -12.4515
51.9021 54.8608 -63.1070 33.0139
31.0545 95.4110 -5.2018 -59.7943
-33.6848 71.0310 -2.9934 -65.8661
22.6827 92.2021 -20.7750 -54.4240
73.1710 -62.3504 -102.2706 -23.8057
86.0877 -72.8034 -107.4650 -21.5948
81.9484 -78.2123 -108.3127 -19.1087
25.0509 87.9164 -9.8458 -51.6722
55.0695 -75.0163 -92.8637 -24.9208
14.0244 94.0195 -17.8118 -61.8287
-2.5477 83.4795 -5.2001 -60.7829
48.8467 -78.0547 -99.1573 -22.8910
64.8529 65.2060 -26.3372 28.1922
56.8054 78.4238 -27.2640 -55.3673
55.5786 66.0072 -2.2558 -50.6997
32.0763 66.6113 -0.1005 -36.7709
46.5660 63.4672 -6.0640 -49.3531
58.4263 83.2032 -31.2752 -33.4169
40.6082 78.5095 -10.7207 -39.4829
20.6946 48.2179 17.2337 -50.9209
50.8428 81.3298 -8.1034 -38.5261
20.3805 84.2402 -9.6928 -50.3916
38.9313 103.5321 -20.2708 -51.7370
61.4824 -76.9534 -106.4418 -20.8050
83.2085 -67.6301 -113.5256 -19.8793
83.5078 -71.6993 -109.9560 -21.2190
39.8876 46.1827 -45.8669 36.8494
43.5538 55.9566 -59.4726 47.9054
46.4747 54.3497 -17.6489 30.8138
63.9733 45.1231 -55.3953 73.6787
36.4969 24.6427 -33.7195 71.7556
41.2685 68.8281 -13.1728 -52.8469
49.9104 80.3285 -11.6095 -43.4993
30.0927 63.1406 10.9077 -34.5223
59.7753 72.6566 -10.7745 -52.8323
58.8790 77.3483 -11.9107 -56.6619
6.0777 84.1374 -8.5830 -52.8186
34.2680 96.7439 -5.3135 -58.8124
42.0855 96.4377 -4.1406 -53.8318
26.3405 86.3488 -6.6555 -53.4698
5.0985 83.9076 -4.8974 -55.0872
38.8211 100.1591 -19.4812 -61.6857
38.8193 101.0199 -14.5258 -56.5563
38.6259 100.1174 -11.3715 -59.3671
96.7397 -53.5396 -116.7369 -21.2465
70.7565 54.6166 3.7276 41.6862
-18.3638 31.2167 -23.2784 39.5055
62.0939 72.4586 4.6332 -35.8761
54.4417 80.9398 -13.3355 -34.8684
61.3037 74.8357 5.2575 -37.7803
90.6970 -92.4478 -86.8460 -14.2000
95.9380 -81.4624 -102.4071 -15.1128
93.2737 -74.9836 -106.7484 -12.7134
94.5643 -70.1979 -113.9166 -11.2048
61.5552 83.0928 -10.7949 -36.7379
50.1930 63.7566 -29.7948 26.1798
15.2032 42.5076 -1.2191 -58.8432
68.8309 -81.0484 -86.3619 -14.9578
73.3159 -84.4389 -92.5952 -22.0592
35.9195 52.5186 24.2597 -49.0739
58.9101 73.4973 -1.0499 -51.5375
97.7009 -75.7248 -99.9856 -20.3724
69.8822 -84.4003 -94.5516 -22.2601
56.8793 41.1335 -46.6176 76.5075
49.1232 37.5746 -50.0061 76.0622
37.4320 -97.2414 -88.3967 -20.2406
5.3831 60.2766 -6.7588 -58.9653
40.8710 68.4076 -28.1851 -52.5256
16.9684 59.9153 -13.3642 -52.2319
36.5879 62.8233 -22.5394 -56.7402
41.8470 63.8668 -13.4434 -61.7071
31.2880 61.5183 -9.8874 -52.1636
52.4708 60.8601 -14.4940 -51.4936
57.6626 57.3598 20.4205 -40.8840
61.2973 75.6250 -61.5409 38.2079
25.4110 51.5220 -35.8306 42.1540
65.4068 58.3420 -16.5894 43.0949
58.8906 48.4096 33.5138 -50.0359
59.7432 55.9831 -9.3677 23.8345
55.3275 51.9290 -12.4576 27.0125
54.5284 62.7864 9.9015 -44.9712
53.2272 105.1711 -22.0897 -54.1675
-37.2848 35.0072 14.7120 -58.6120
56.2498 63.6370 12.1665 -57.0916
30.4036 57.0922 -42.7477 39.3399
60.7616 73.4953 -52.5917 37.6889
58.1517 67.4542 -49.9909 34.4389
49.8833 53.8692 -6.5941 25.3847
37.5080 48.0139 -9.1257 22.7871
58.5082 89.1166 -43.4347 -37.3097
90.2713 -69.6278 -127.0190 -21.3860
67.4268 60.9915 -77.6025 28.1525
72.2490 60.3554 -80.6213 14.2986
97.3627 -73.2396 -125.6180 -22.8500
97.0707 -74.5517 -130.4076 -23.4407
91.9137 -77.1155 -126.0556 -21.4319
93.5188 -74.1040 -131.8686 -25.6296
94.4511 -74.5037 -127.7740 -21.2806
97.2857 -68.1898 -125.7381 -21.4717
99.6756 -73.5071 -128.4747 -26.9719
52.1953 60.5664 -26.5411 22.1610
-28.8281 25.7806 -7.4647 21.9421
8.4363 49.2502 8.1266 -52.8332
68.7668 74.4525 9.7063 -37.0107
75.4490 64.7322 37.2480 -32.1490
93.8997 -99.0446 -78.9472 -19.6461
61.4964 101.6395 22.2266 -47.1801
113.5976 -150.3196 32.2194 -11.4469
116.1149 -142.2158 35.6621 -13.3356
58.8836 98.1297 -43.3046 -50.7999
58.0382 95.7387 -44.9373 -40.0263
57.5355 99.8857 -47.2555 -42.0795
58.9770 91.6761 -47.7214 -36.1565
62.4131 98.6786 -46.1856 -47.0074
63.9456 94.5462 -47.2104 -40.8733
60.8015 100.6788 -40.5512 -44.8301
60.5463 97.0054 -39.4001 -47.8733
45.2080 93.2867 -47.6902 -40.1990
56.0438 97.6979 -47.4930 -43.3264
53.6982 92.0724 -46.3194 -41.1166
64.6237 96.1198 -47.2335 -37.1856
94.4534 -56.7289 -121.8898 -21.7500
94.7372 -66.3862 -127.7836 -23.7859
93.2007 -61.4468 -121.6582 -23.8451
94.8077 -56.6246 -128.7619 -22.6860
97.6542 -58.7752 -128.3106 -24.7955
93.3160 -69.4674 -121.8334 -22.0386
84.7126 -69.1517 -118.1597 -24.1327
48.1519 71.3716 -58.1718 63.5402
58.4855 91.4207 -55.2381 -14.9873
58.8214 93.4769 -58.6140 -16.7659
54.9019 85.6855 -45.6629 -49.4636
53.9949 91.7557 -42.2556 -58.0212
60.8155 93.3727 -48.4737 -35.7684
61.0511 97.7085 -45.3622 -45.4678
63.2381 97.3093 -52.3204 -41.0700
64.5135 98.2927 -48.0049 -43.3751
58.4864 90.3152 -45.2344 -42.0331
63.6456 92.2674 -46.9922 -39.0746
59.9051 112.8377 -41.7765 -49.9408
68.9921 97.8935 -47.9864 -45.7152
65.2721 94.3594 -48.3948 -36.0459
122.2441 -171.9808 20.9579 -14.0140
122.1504 -168.3882 26.0925 -14.1075
122.9024 -170.1715 25.4442 -17.3478
122.6743 -172.5460 25.0310 -14.0830
125.3769 -177.4000 29.4936 -15.4033
121.8166 -177.4016 20.8021 -14.3140
120.8318 -174.1560 22.0553 -16.2505
122.9293 -177.3964 20.8041 -14.1636
125.5608 -179.8667 26.5008 -15.1302
124.1789 -176.0840 20.1947 -14.2024
125.8485 -180.7925 23.8167 -15.0705
125.9831 -174.4099 25.7004 -15.4226
124.5717 -176.2280 19.4344 -15.1306
125.6179 -176.6038 22.9329 -15.9547
124.0961 -177.5653 18.9663 -14.9933
123.0471 -171.6440 25.7336 -11.8200
123.3114 -179.1232 21.0143 -13.7349
122.2471 -172.7014 27.6779 -15.7844
124.0478 -177.5611 22.2931 -12.7069
120.0042 -157.5529 23.5863 -12.4004
121.0903 -163.2563 23.2759 -13.3898
118.3003 -159.8654 24.2585 -14.3990
119.5702 -163.8649 22.3121 -11.2687
116.3302 -161.4622 22.0094 -14.1408
119.7427 -165.5097 19.7541 -9.1861
118.5020 -161.4554 24.0152 -13.4359
120.7606 -163.1568 24.5797 -12.7922
116.2238 -161.5121 25.3419 -10.5529
117.6767 -159.1397 22.3437 -14.5152
116.2208 -158.4891 20.8420 -10.6431
77.0541 -30.0099 106.6625 78.4787
74.2483 -30.6534 106.2363 77.1995
75.9677 -27.7848 105.5677 81.2097
80.1564 -28.1538 110.2305 80.9629
86.0009 -5.0713 133.8057 -4.0673
84.9484 -2.9367 129.8142 -8.7460
84.2593 -4.8405 126.2698 7.8026
-176.7833 -32.5229 -13.4050 59.4745
-172.5005 -4.7026 0.8225 -24.2489
-177.2209 -2.5127 7.8608 -59.3197
92.3372 -108.6211 -43.7361 -17.7712
-160.4382 -0.1747 3.9082 -60.1555
-159.2748 5.7593 5.0362 -62.7477
111.5373 -111.4104 -45.4945 -16.6599
112.6175 -113.4446 -26.9235 -12.9445
54.1456 16.2010 36.6741 74.9250
72.9272 1.3802 65.1403 80.7608
-179.2978 -28.6729 -14.7879 63.9233
48.8027 76.1248 39.5650 -50.2872
70.2495 55.1231 31.3103 2.4122
81.8941 43.1076 75.1331 9.7998
74.1980 57.2240 27.6463 4.0235
82.2151 44.8625 75.5809 0.0005
-78.7489 21.5318 -32.3634 62.6667
-152.0320 -8.1888 -12.0179 60.7657
79.6346 52.1403 58.6326 -30.7517
77.4784 57.9232 53.2775 -33.6075
-150.4171 8.0189 0.5075 -60.1139
-169.3844 0.3215 -1.9692 -34.4627
83.0656 11.8174 121.5467 -30.5545
83.9260 2.7817 131.3372 -28.8887
78.3044 -32.5984 104.3062 79.4392
120.0144 -160.0648 19.1713 -9.2734
73.7760 -18.9938 109.9405 76.2581
80.2373 2.2892 127.1557 -1.1737
82.2440 -2.4247 132.3210 -2.1448
-188.1087 -25.9445 -2.3230 60.8959
80.5359 0.4902 123.5941 7.3243
84.7486 -8.2296 127.3988 7.7661
85.8438 5.0298 134.5524 -32.5389
84.5159 5.0383 129.7797 -30.9101
82.1489 2.2426 132.7016 -36.7768
83.9248 4.7126 133.2752 -33.6630
85.0335 6.2389 129.1510 -31.5799
85.3520 7.5704 133.7169 -38.2173
81.8440 4.7413 128.5312 -33.5287
83.0441 4.1525 128.0725 -31.0353
84.5572 4.4111 134.8898 -31.9455
47.0538 56.5592 35.1089 -36.5828
-181.6266 -20.6421 -3.2608 61.6711
77.5317 53.9395 62.9976 -29.8375
-185.0778 -22.2088 -4.4047 63.8200
-147.2801 -8.9912 -11.7012 59.2585
83.7882 5.7118 131.5287 -31.3864
74.4099 -15.4059 110.3978 77.1073
79.6186 1.7820 126.7062 -24.2171
84.1096 7.4196 134.6680 -39.3608
116.8483 -151.9346 20.3614 -8.9785
116.9804 -153.4490 21.7663 -10.4727
81.7054 5.7837 132.0189 -34.1539
82.5585 4.0125 121.5746 -28.5768
-147.7192 -7.4354 -13.3655 61.2933
-174.6574 -20.4433 -6.8739 60.1434
84.9796 2.0558 140.4033 -35.1682
83.0203 3.0994 129.0019 -27.4313
83.3117 3.3147 138.2256 -33.8384
84.9675 1.4908 138.6277 -30.9267
84.5354 5.7320 136.0552 -38.3694
82.0098 0.6471 132.5616 -30.8637
82.5509 0.1075 128.1391 -26.3199
83.2667 1.6975 129.6973 -21.8663
85.0424 1.3687 134.4342 -28.0118
84.8030 0.0994 133.9509 -23.0221
82.3964 1.0094 131.1171 -24.7787
102.7785 -79.7820 -128.9508 -23.5205
56.8163 111.2349 -41.0541 -54.4216
60.6292 95.1897 -47.4835 -34.9572
53.7046 74.7520 -60.0094 66.7376
52.2098 73.0862 -55.7834 67.7936
59.2772 96.9291 -46.5702 -37.3718
61.9194 93.5261 -48.5956 -39.5232
118.3052 -167.0501 19.4904 -14.0858
67.6460 59.0594 18.1870 -43.5235
-167.6165 2.7863 7.6740 -57.5561
-123.7964 19.0185 -1.0422 -59.8438
113.2087 -121.2825 -41.1502 -10.8388
75.9225 48.9137 57.2904 -40.9858
70.8166 27.5712 44.8997 73.1676
71.6357 28.5149 51.4948 77.4959
-2.6206 13.5730 27.0565 72.6513
73.0955 24.5824 54.8222 78.4408
77.8103 64.3678 46.3383 -36.4719
-174.4278 4.2184 4.7287 -59.2033
-134.3400 14.7584 -1.8108 -53.8898
-138.6052 -2.0140 -17.8507 61.9228
74.9112 61.0508 45.7204 -31.8962
80.4904 30.2776 43.8671 35.3763
77.0138 57.4495 47.9018 -25.6128
-178.9860 -18.5264 -7.4863 61.9724
-170.5708 -15.9473 -7.7935 61.9810
-176.7465 -19.6812 -6.2271 60.6892
-169.1062 1.9964 9.2135 -61.8813
-155.8188 -12.0637 -11.2156 57.3194
-178.3199 -20.1569 -6.4772 63.1243
-184.0753 -22.0212 -1.0428 59.3212
-164.4154 -13.5235 -9.1850 60.5679
-169.3997 -19.1092 -7.0915 60.9064
-159.2301 -11.1842 -8.4488 59.2646
74.6174 49.7682 65.5109 -38.5453
118.8507 -170.5924 26.2751 -15.1120
119.0637 -167.5557 22.3178 -12.6933
121.9825 -169.1789 23.4289 -9.9207
120.7233 -165.0414 28.5829 -10.1321
125.6402 -180.0625 10.2358 -9.2832
125.0616 -184.2054 14.4753 -12.1173
125.5082 -176.5421 17.7940 -10.0120
125.8335 -181.5775 14.9985 -12.8355
124.6876 -181.1351 14.4302 -11.9423
122.9750 -182.0186 12.8520 -12.1387
125.2833 -179.4170 16.5782 -10.4420
121.8207 -170.4269 19.0062 -14.2926
122.4796 -175.8398 14.4435 -12.1413
117.9567 -162.5165 20.1594 -12.9130
118.0970 -159.4836 22.9458 -9.8388
118.9592 -160.5906 22.1525 -12.0538
120.9761 -164.4354 22.7701 -12.4105
118.2117 -161.7040 20.1863 -12.8040
118.6355 -164.1979 18.9229 -10.1620
120.5027 -163.6365 18.0293 -11.3485
118.3335 -165.3205 21.8981 -12.7067
119.3784 -161.3262 25.9124 -13.6632
117.1989 -163.1727 19.0344 -12.4611
119.6049 -163.6240 24.7056 -12.8495
116.6428 -163.9779 21.5086 -14.3684
119.6219 -164.3565 20.6640 -14.3552
-180.4610 -22.3563 -5.3401 59.1059
-88.3037 15.7494 -27.3822 62.6981
-166.1826 -15.2589 -6.4061 64.5001
-168.6860 -17.4380 -7.8119 58.3051
-180.1038 -19.8223 -6.1716 60.7239
-184.7822 -4.3432 14.7322 -81.6745
-183.6568 -23.5600 -1.0070 59.8284
-147.8746 -10.5971 -14.2551 59.4991
-175.7234 -17.9853 -3.8580 4.5566
-169.1644 -24.0661 -12.0031 -4.9413
-188.3068 -29.5686 -0.0614 75.0299
-191.4135 -31.2529 -1.8005 74.3466
-188.2493 -24.6853 -5.0635 64.2610
-176.1059 -6.6825 -6.5540 -20.4241
-172.2804 -12.6996 -5.2079 7.1600
-165.1535 22.6222 10.6629 -66.7439
-179.5091 19.9842 13.7553 -73.8200
-122.3266 21.3705 -5.0866 -53.5114
-158.8083 -18.8975 -11.5514 11.8322
53.6347 52.0647 7.1945 85.6555
-168.4359 8.0351 4.4207 -62.3525
-179.0575 1.2031 10.7298 -62.6009
-141.7769 36.6308 3.9071 -70.5671
-169.0251 17.9303 15.2875 -68.5091
-168.4821 2.1758 9.2165 -60.8753
-169.9768 -3.8850 10.1551 -60.2844
74.2717 -19.5739 118.6202 79.8334
75.3416 -19.6792 113.1175 76.8408
-147.6049 30.0326 5.1443 -70.3477
-191.0548 -7.2898 15.3149 -80.6485
-153.0236 0.8864 6.8478 -75.9829
-170.1366 17.8945 14.0026 -67.0974
-178.7306 13.2451 12.3993 -68.9660
-189.8197 -8.6091 17.9701 -77.6236
-166.0991 1.8575 13.2960 -80.7490
-180.0960 18.8503 12.5920 -71.1889
-174.0737 21.8190 14.1394 -80.4379
-181.8300 -27.3948 -4.9822 69.4358
-189.5395 -26.3960 -3.6767 62.8134
-185.5239 -31.8912 -2.6473 69.0160
-185.3701 -28.0194 -5.0344 68.3154
-178.7778 -24.3674 -4.8671 68.2628
-153.1933 30.8788 3.8941 -72.1461
-156.6916 -2.9270 7.4455 -71.4125
-188.4921 -28.3874 -2.5991 64.1271
-187.9247 -29.7373 -8.3756 74.0706
-185.8715 -28.3239 -3.5721 64.1388
-185.2117 -28.4545 -6.1195 74.4007
-200.2587 -29.3161 2.5286 26.8775
-189.8955 -29.1204 -1.2331 56.9816
51.2210 56.0626 0.9326 86.5337
54.3335 55.4506 -4.0203 80.8545
-187.4581 -33.0825 -5.2918 75.5549
-183.8374 -25.8200 -4.2114 73.3390
-186.9584 -31.6465 -0.6564 77.2005
-187.9486 -29.4347 -4.9999 72.1845
-185.5707 -29.0763 -5.5446 75.2333
-190.4833 -36.4058 -4.1919 74.9203
-189.2887 -27.1421 -1.7427 61.7486
-185.8481 -30.8648 -2.3803 72.3480
-189.7802 -31.0616 -5.2068 74.8649
-188.2100 -28.4376 -6.2546 71.6342
-173.9058 -19.9390 -6.7208 53.3121
-185.2932 -23.7941 -1.3450 67.2920
-189.6823 -26.3483 -4.8956 60.7484
57.5615 72.7319 5.2414 -43.3098
61.2452 70.8915 15.5628 -43.5669
58.7670 73.9657 16.3133 -40.6315
60.4723 72.7876 21.6567 -41.0799
51.7948 57.1921 -7.5541 83.4120
52.6248 58.3864 -8.7472 84.7981
-187.1240 -24.3285 -4.3652 63.7131
-183.3567 -28.6465 -5.2949 71.5010
-188.8596 -28.9222 -3.9428 77.0468
60.6574 71.5086 17.7173 -37.2972
50.8667 46.0133 15.9724 89.1079
52.6274 47.8487 18.9946 89.1083
51.7595 54.1275 5.0555 85.4919
50.9505 55.3650 -0.6611 84.0348
58.3947 67.2614 13.7429 -38.9943
-173.8285 -17.6298 -6.4060 53.7477
-187.9146 -24.7630 -3.6973 60.1248
-186.2842 -32.1833 -4.4593 70.8921
-184.1013 -29.9015 -2.0502 71.9686
54.8251 48.8258 23.6838 86.3393
51.9624 42.6276 27.6013 89.2403
62.4872 96.6574 29.0897 -41.7507
50.6098 54.2465 5.5434 84.5516
-188.1622 -30.0448 -6.7831 73.1255
-193.5347 -16.1812 12.0719 -65.4249
-198.3338 -18.5972 16.4990 -69.7957
-187.4674 -29.4910 -6.7535 70.9493
-186.3443 -31.8042 -3.7149 72.7786
-183.0755 -31.2375 -3.9893 76.8739
50.6432 48.4975 18.7696 85.1133
50.8667 43.6396 21.5032 91.0582
58.2399 68.0653 37.9953 -42.2015
-191.5902 -31.6921 -7.1557 76.5651
-186.0043 -27.9586 -3.9707 65.2521
-196.3531 -35.8187 -4.2594 76.0518
-182.7462 -28.4916 -3.9363 74.6263
-184.2893 -30.0885 -6.3424 70.5135
-192.3474 -17.7120 14.0439 -65.9187
-198.0886 -18.3147 15.9807 -72.5226
-189.4315 -10.6039 17.8024 -76.8786
-187.1148 -25.5771 -4.0118 63.9907
-184.2091 -31.3688 -2.6117 64.5165
-198.6415 -14.0906 15.0563 -73.5554
-195.2998 -11.7042 12.5221 -64.3776
-194.9007 -12.4860 14.0226 -65.5883
-193.2799 -15.9855 11.5417 -75.2068
-191.0241 -16.5998 14.3984 -79.4425
-191.2144 -18.6949 13.7277 -70.8870
-184.9235 -24.3235 -7.5168 67.8752
-187.2125 -26.7590 -1.7494 68.3331
-195.1182 -19.7141 13.1489 -58.4982
-195.2465 12.0722 19.4456 -76.0767
-194.1509 -21.5712 12.6132 -65.8142
-181.2214 -26.5233 -8.0340 66.3248
-177.9852 -25.0441 -4.3256 67.4655
-175.9731 -23.3485 -6.7734 65.6812
-178.0053 -27.4073 -5.6254 65.6729
-191.2511 -32.9616 -2.9547 65.6700
-206.0107 -20.9949 15.0639 -74.4293
-187.2178 -28.4291 1.1581 57.4466
-191.8729 -36.5777 -6.4071 65.3908
-202.8346 -22.0178 15.3959 -76.7453
-200.2128 -19.7767 20.0305 -84.1230
-207.7139 -27.4969 10.9397 -75.6195
-189.7162 -31.9652 -0.7263 66.4635
-193.3344 -31.9545 -3.3148 65.2092
-194.2664 -16.2329 13.7811 -77.4279
-195.8592 -14.6505 13.1243 -74.3978
56.2598 40.7393 27.9684 83.8724
57.6056 94.6454 42.6304 -39.8575
-181.8263 -23.5834 -5.1326 67.9548
-182.9895 -28.4528 -2.2253 70.7397
-191.5604 -37.2253 -5.3735 73.7769
-190.3301 -30.5564 -0.5920 66.7267
-179.8600 -24.8077 -3.2190 72.1218
-188.5845 -32.2222 -4.9830 73.0142
-188.4225 -27.9017 -3.5511 72.9110
-191.9983 -25.2329 -2.5036 57.4485
-198.9295 -21.0580 13.2749 -66.1205
-187.0387 -25.7586 -3.7447 61.6347
-192.2631 -28.6548 -4.0379 62.5066
-192.7073 -28.6182 -4.6263 64.4824
-205.2992 -21.7113 14.4458 -72.9941
-199.6580 -17.0240 15.0399 -79.7929
-187.7634 -31.0879 -3.3058 72.1930
-194.3870 -34.0659 -3.1742 72.1165
-197.4887 -16.3766 9.2166 -60.5273
-198.3342 -15.7754 16.4572 -76.8813
-203.3765 -13.7851 14.4500 -75.4225
-196.5446 -36.6190 -2.9304 69.5872
-191.7857 -24.5922 -2.5678 44.8454
-202.8825 -22.5320 14.8570 -74.9824
-205.9670 -17.3902 18.7772 -84.7562
-191.6794 -31.7856 -5.1490 72.1854
-194.0600 -35.9800 -2.7088 62.2326
-200.1252 -19.1836 15.9142 -73.2509
-205.9370 -14.3968 14.7683 -77.0462
-192.3319 -35.7594 -1.8810 63.8941
-196.2405 -34.2930 -4.5944 65.5645
-189.8081 -27.7761 -4.3056 60.7904
-188.6881 -29.2519 -5.0160 55.1306
-193.2609 -34.8099 -2.8330 63.6656
-201.3209 -18.2228 17.0657 -82.7587
-202.1552 -17.6780 11.1905 -77.0974
-194.0889 -30.5822 -5.6388 60.3740
-192.4166 -29.5846 -3.7678 67.2229
-200.8089 -18.9589 14.2394 -80.2201
-186.3680 -25.8669 -5.8895 62.1266
-191.3975 -27.5943 0.1897 57.7289
-191.5529 -28.1690 -2.1046 60.3117
-202.7376 -17.5596 14.8924 -80.6341
-186.1372 -26.4888 -5.0126 60.6252
-187.5285 -27.7750 -2.4504 59.0040
-206.1425 -20.5698 15.0366 -73.5718
-201.3289 -20.4573 16.2449 -85.6914
-186.7203 -27.6879 -5.0459 58.4368
-194.6225 -25.7296 -1.8763 59.7105
-189.6504 -25.3727 -4.5224 58.9958
-196.1443 -17.7116 15.8188 -74.8232
-201.5015 -26.7933 15.7140 -77.4249
-203.4889 -28.7370 12.9387 -64.0935
-185.9487 -26.3074 -5.3737 70.9836
-180.9709 -24.2360 -7.0177 69.7808
-184.3014 -22.7245 -4.7206 66.2661
-185.2417 -29.4982 -2.7285 75.1802
-202.7258 -19.0955 17.5742 -78.0850
-209.7345 -26.9041 15.1034 -80.7555
-206.0749 -28.0805 12.4362 -75.0769
-203.9371 -26.6138 16.8163 -85.2478
-203.0128 -30.4558 16.6404 -79.8474
-203.8334 -27.7704 13.9917 -76.2419
-199.9305 -27.7400 16.3256 -76.6288
-205.6015 -18.6826 12.5285 -76.3618
-205.5378 -19.1810 16.0438 -81.0323
-206.6042 6.4749 16.7774 -77.4150
-199.1845 8.7672 14.7717 -80.3797
-190.4857 -27.2168 -5.4529 56.9658
-190.4701 -29.4595 -0.8573 56.7706
-206.6133 7.2426 17.3748 -79.3315
-198.3414 8.4591 14.9878 -74.1537
-203.0154 -28.0642 12.2288 -72.8651
-201.1992 6.8219 18.5399 -81.5672
-195.4304 11.8207 19.1430 -79.5429
-206.6058 6.1612 20.5501 -78.4170
-205.6825 -23.8780 15.2818 -76.5367
-197.6315 -15.9944 16.4485 -72.7311
-190.3177 -29.8126 -2.1848 61.1556
-190.2709 -27.7470 -5.0174 59.2887
-201.7909 -19.0644 13.4740 -67.0057
-201.0318 -19.2774 13.6756 -75.8774
-202.6385 10.8667 17.6687 -76.6036
-191.5327 -27.7783 -2.8388 64.0254
-203.4201 -18.2992 15.5013 -70.3224
-205.5891 -20.4978 14.6253 -73.3968
-195.8817 -18.3374 15.5187 -77.3991
-189.0569 -33.6848 -4.9622 70.4513
-194.9989 -30.4391 -2.0125 65.1617
-185.4218 -28.0177 -4.1383 63.3120
-202.8877 -23.0696 13.6248 -70.8535
-193.6256 -33.3514 -5.8268 70.1206
-192.5237 -28.4369 -2.1698 63.7109
-205.1276 -23.6571 15.8749 -69.4289
-188.3123 -25.9111 -5.0227 65.0456
-197.4457 -19.2080 18.4748 -75.4430
-189.4978 -27.4319 -3.2982 58.3299
-190.2762 -26.5808 -7.6419 61.2499
54.8034 49.2458 5.4733 80.1559
51.1626 55.9628 -3.6500 81.1730
60.6549 99.1936 39.5163 -43.7878
-203.5056 -21.4220 13.6169 -77.6342
-187.4877 -29.9041 -4.2811 57.5116
-191.2111 -26.9565 -3.8722 60.7729
-170.3126 -21.5132 -5.1375 62.9933
-188.0138 -28.4446 -2.9866 65.7303
-195.4479 -28.2153 -5.1002 59.7576
-188.6246 -28.1114 -4.3083 64.0167
-199.8831 7.5815 19.5674 -74.3016
-207.9472 9.4917 20.0554 -72.7692
-185.5312 -26.1052 -4.8702 67.6512
-194.3410 -27.2721 -3.6228 60.6739
-196.0145 -30.2270 -1.1575 55.4078
-189.8192 -27.6261 -7.2942 66.6335
-189.0163 -27.1349 -5.1734 64.3748
56.5506 42.9503 25.5274 80.1085
61.0555 62.1447 46.8150 -33.3355
60.6213 55.2436 51.6727 -42.5784
61.7102 83.9090 50.0794 -36.9400
58.9284 67.0434 49.2293 -29.5973
63.2684 57.6635 54.4382 -40.1283
58.5107 59.9608 47.5299 -38.3813
60.0196 58.1250 47.8978 -34.1714
56.8859 43.5318 27.3472 80.7546
56.8237 42.0690 24.7442 78.0541
58.9283 106.5612 14.7421 -41.2890
60.5886 97.9239 19.7983 -40.9534
52.8248 49.1229 23.1051 79.5807
60.1139 97.3710 30.4053 -36.9508
61.4773 99.1195 33.9627 -37.8288
58.5649 103.6964 35.4297 -44.5517
52.8135 45.3146 23.5358 78.5348
56.4962 45.0084 19.0539 78.4418
55.0800 47.4159 21.6819 76.4751
54.9471 50.9072 17.3871 80.7686
58.0703 61.0848 48.1941 -33.9593
54.9130 48.4658 24.0267 84.5569
55.9818 47.0789 23.1123 84.1153
59.1398 60.2727 36.0495 -36.0026
57.0487 63.1517 42.4422 -34.7886
56.5272 70.1150 39.7760 -38.5929
58.7405 67.3441 40.8347 -31.3813
63.0540 74.5986 27.5063 -33.0105
63.4111 64.3987 39.2485 -40.2942
53.7803 53.4335 5.9862 78.2931
54.6743 50.3047 23.4403 83.9044
53.0336 47.3109 19.1545 83.8414
52.1900 48.3939 27.7267 84.1463
51.6659 46.5474 26.6727 82.9393
53.7299 48.4462 25.3438 83.1298
57.3600 48.1063 23.3167 80.7962
59.5963 58.7649 41.3367 -27.9940
54.4702 56.5367 2.3567 78.2938
51.7058 51.3709 20.3749 84.5113
57.3517 61.5218 45.6572 -36.6328
53.4230 48.3314 22.1435 82.3423
56.3490 48.8478 23.4109 81.2708
58.5167 64.0909 41.6147 -35.3982
60.3774 104.5827 25.1129 -48.5262
53.9191 52.2283 25.6373 84.3871
52.8637 49.0297 16.7073 81.0483
58.3192 70.4430 41.4093 -39.7674
64.0219 98.6314 44.5811 -40.6287
53.0177 51.9471 21.8749 81.4792
55.9352 50.6930 23.8277 80.2703
59.1577 66.4055 51.2186 -29.1094
57.2808 49.9272 26.3509 83.5260
52.9637 44.6200 24.0486 83.3636
58.4727 68.3697 39.9154 -40.8048
55.1310 44.4588 31.0332 80.8558
59.7456 36.3430 36.6595 82.6243
57.8250 38.8494 31.1080 77.6057
56.2434 38.0223 40.3607 83.8428
56.9272 44.6041 28.9909 80.3110
55.9575 42.9888 24.8781 79.5711
63.1162 52.3297 53.1012 -36.9047
64.6159 53.9281 60.8430 -46.3514
60.7108 57.0063 47.8136 -36.5371
57.7895 44.4206 29.2711 83.7049
58.5295 42.8584 25.2064 82.6231
61.1305 85.0434 52.0417 -38.5376
61.4741 62.5962 52.3434 -43.6950
61.3749 58.0594 57.4624 -36.8957
61.9036 58.9352 47.4859 -38.4044
61.9444 54.5226 51.1864 -30.9305
62.4410 58.3961 52.9450 -38.9760
55.3413 69.9025 39.8514 -42.3098
52.2304 49.3026 24.9955 80.0201
49.6172 47.5061 27.1118 86.7437
61.1000 97.6534 45.9599 -39.6979
55.3350 48.4281 19.1763 82.9964
60.4045 69.5821 47.1463 -39.1478
58.2163 72.2722 41.6418 -33.1334
51.9192 45.0977 26.6122 82.3786
55.1323 50.6130 15.6412 80.1705
55.1130 53.4490 18.3174 84.3137
53.4554 49.8515 15.6692 80.2137
56.4207 50.6977 22.1311 80.8603
52.2340 50.7582 21.5749 83.5830
55.0057 51.2055 21.1108 80.1996
55.1184 56.6205 5.7568 79.4980
52.6701 47.2630 20.7840 85.8348
60.4021 64.8063 41.9394 -36.0523
57.2489 51.2924 18.3788 81.1634
58.6383 43.0327 20.5637 81.9610
56.4201 43.1840 26.5157 80.3432
59.8865 56.6262 49.5197 -31.6810
58.9234 57.6511 47.3880 -37.4939
53.7087 46.4478 25.2348 82.8352
63.7339 56.6067 50.7369 -37.3730
56.8762 42.8311 27.1735 82.8671
62.2252 54.4032 45.8030 -28.9660
54.0314 46.4045 17.4946 80.3114
63.1368 56.8432 47.1294 -34.9197
61.3542 56.9580 49.9930 -39.6773
54.2622 41.3920 30.5906 82.0994
56.7464 41.5766 31.4418 83.6054
54.6747 40.3418 26.7321 81.2177
59.7646 64.5063 48.6883 -33.5196
59.5101 90.4866 44.3909 -33.7873
52.9537 49.2297 21.8940 82.1505
52.7162 46.7539 18.3162 83.8398
55.6558 49.6243 24.4981 82.7740
54.7441 57.5916 36.8846 -27.7335
51.3194 43.5197 22.6498 81.4224
53.7001 47.6413 18.7194 80.4227
59.3852 87.0766 40.2343 -33.9092
58.6606 69.1679 38.3199 -41.3769
51.7442 51.1763 15.1454 78.1502
57.4227 71.3409 39.3559 -41.3354
58.9489 65.2101 37.0029 -32.0523
58.4910 73.3474 38.8944 -37.7022
52.5120 51.1849 23.3873 88.2372
54.0766 50.2270 16.1708 80.6333
60.9855 97.6568 43.4910 -35.7093
63.6621 95.8728 50.9875 -41.4918
60.0661 61.7260 35.8032 -31.3486
62.8901 99.2207 34.6804 -40.7799
54.9362 50.2510 16.8599 84.4151
57.3254 67.8182 44.4469 -34.8760
58.5153 70.6099 36.7457 -40.8960
54.8717 51.0427 16.4487 83.6880
51.8797 51.4885 19.3775 83.1103
59.3972 96.1976 48.0156 -29.1918
53.0226 50.6266 28.7469 87.2353
56.6162 67.4253 46.9601 -35.0314
54.9265 48.2013 25.5447 83.9369
53.8575 46.3241 22.8815 84.7318
52.8811 49.2020 23.8858 84.9507
53.2057 51.2398 21.6379 79.6348
61.5142 87.8252 48.4493 -29.1215
52.9912 48.2663 19.5886 83.3666
59.8269 88.0287 47.3919 -37.7046
53.5323 52.2125 24.4266 85.6476
59.3302 99.6947 34.3686 -34.4760
59.8299 70.7013 40.7013 -33.5337
50.5465 52.6539 15.9518 79.7775
52.4602 50.6659 14.4355 82.7785
65.3435 80.1375 49.5494 -34.2345
64.6675 80.0252 59.6004 -38.0653
66.8205 88.0407 57.0603 -45.3279
55.4963 40.0059 29.6734 82.1725
62.8792 70.1438 43.8440 -35.0051
60.4817 55.9602 49.8598 -40.1348
64.0252 88.9543 52.3346 -46.4470
56.4399 38.1931 26.9132 81.0858
62.0133 52.2307 46.2550 -37.7906
61.3870 49.1198 49.3935 -37.1581
61.2804 84.7839 54.9229 -45.6688
61.8614 50.1934 46.7006 -33.8632
65.2136 49.0415 42.8461 -29.9511
61.8902 65.2056 44.0650 -32.9019
64.9864 83.1029 52.5625 -37.1439
63.7307 84.7269 56.0970 -35.3157
61.6832 54.3938 47.7851 -33.8233
61.8555 53.1276 42.6840 -36.6699
60.6448 53.5591 42.3831 -31.0589
59.3401 57.9947 33.4325 -32.9058
57.2415 60.3344 31.7525 -34.5910
59.7911 72.9721 32.0800 -37.2629
55.7952 69.0380 37.7373 -41.6613
59.8361 66.9452 28.1927 -37.0546
59.7323 70.8194 37.1721 -25.0337
61.2619 67.2561 36.6541 -31.7872
61.2401 56.8264 44.6981 -30.3734
59.8892 60.6749 41.1356 -34.3708
59.0031 58.5395 36.5221 -25.8972
58.8021 67.2457 39.2470 -33.7342
64.5044 78.5765 -70.6740 35.3930
64.9786 98.1958 -45.7402 -40.8029
73.8458 71.2655 -82.1942 40.3870
65.6580 79.7097 -58.2998 23.5722
71.8919 65.9327 -79.9216 43.3749
64.0362 97.7948 -47.0815 -37.8201
70.4811 75.1745 -82.7957 34.3428
63.3289 101.8542 -50.6716 -41.6892
65.7664 76.5065 -58.9817 23.5235
65.8448 103.5303 -47.7369 -39.5756
63.6027 103.0947 -48.5221 -45.4570
63.8600 96.2217 -51.6591 -34.4367
67.5763 76.4739 -55.2427 20.7737
64.4207 104.4263 -40.0446 -47.9786
66.4271 75.6735 -63.5289 38.5616
95.9220 -59.0040 -125.8749 -23.9761
95.7352 -56.3851 -126.1087 -19.8032
65.3726 99.2297 -43.2073 -45.3277
67.3241 95.9013 -48.1464 -36.0872
65.1745 96.9982 -53.0494 -34.9574
67.1846 92.7948 -47.4096 -35.3598
65.8609 89.6676 -46.0337 -35.2628
66.8614 97.7313 -44.2434 -37.8812
68.7774 69.6866 -84.5767 46.8967
71.8497 64.0411 -81.6454 45.2447
63.6024 99.5033 -45.2482 -41.1452
66.2452 97.2387 -51.3448 -38.6622
66.5723 94.4945 -47.2065 -40.2753
62.7635 78.7530 -59.7175 22.1121
63.0800 78.4397 -61.7685 25.8197
65.8080 73.1420 -65.5455 16.5261
98.2481 -62.9572 -128.9356 -22.1502
63.7768 82.4931 -74.1081 37.8014
62.5349 77.3660 -69.0890 39.5352
65.4266 83.1569 -73.8439 40.9962
96.3478 -53.0974 -122.1038 -21.1895
96.1069 -53.4735 -123.3138 -22.6253
98.1303 -54.2642 -122.7596 -23.3454
63.4983 77.3687 -60.0479 19.7859
64.6175 79.8007 -63.7878 25.6724
65.4776 82.5245 -57.4628 18.5224
61.8683 79.7734 -63.2384 24.5170
66.1586 100.1484 -45.3080 -38.0316
68.0983 72.1464 -66.1157 27.7165
95.2610 -55.3398 -119.3328 -19.6909
94.9023 -55.2125 -118.9378 -21.1993
96.5475 -57.6623 -124.0352 -20.7866
66.5597 98.3835 -47.7315 -40.3814
65.8687 77.4151 -71.7150 38.8711
64.6421 79.5168 -72.8532 36.1490
64.6100 95.6153 -46.4913 -41.4948
-185.2430 -39.4173 -27.3388 26.5514
-177.7458 -33.4945 -24.8503 34.9787
-175.4628 -27.9123 -17.6913 43.3860
-191.2380 -3.0247 8.8528 -61.9299
-189.6267 -3.4203 10.8984 -70.1104
-192.4341 -4.8117 11.8805 -67.7264
-183.5003 -36.8813 -23.7956 28.3666
-118.1235 -137.5256 -69.5393 -36.4024
78.9899 9.9228 126.8264 -33.4284
112.9208 -141.9277 25.2663 -11.2460
81.7816 9.7365 122.7214 -24.5428
112.7683 -145.0014 25.8773 -10.9094
114.3435 -146.0584 22.4030 -9.0353
116.1566 -144.9679 28.2198 -11.6894
116.8701 -153.0697 20.2753 -6.8416
112.1624 -138.1799 17.5039 -1.6126
114.8649 -146.9751 18.2937 -12.7054
115.6365 -146.1920 20.6087 -7.2139
115.7970 -143.5867 21.4487 -5.1481
87.2744 -20.3096 86.3594 52.6320
117.3658 -153.5571 15.2387 -12.7163
113.6011 -143.3100 23.3075 -14.4618
112.8385 -139.0979 16.8278 1.3030
116.5940 -146.0435 24.1565 -13.8887
87.4580 -25.1156 94.1233 56.5448
114.3262 -139.5349 20.7561 -8.7563
114.3252 -137.8426 24.3796 -10.7606
113.4287 -144.8474 19.8715 -9.2134
87.8611 -22.8437 89.9931 55.7042
115.9017 -147.7180 21.2005 -9.7279
117.6013 -155.4751 19.3527 -7.6150
118.3091 -154.6313 20.1945 -7.9443
119.6909 -151.5339 20.5192 -5.7343
117.1300 -147.3453 26.6166 -12.3815
115.4306 -138.8527 29.8065 -15.0864
80.9077 18.4530 142.1807 -44.0874
114.7000 -143.7749 18.2652 -3.0900
115.4378 -146.5777 20.8549 -10.2744
115.1705 -149.8250 23.2772 -11.3275
115.9929 -144.5808 29.6421 -12.0790
120.4255 -155.9807 30.1351 -14.5398
120.3116 -151.8666 12.0842 -9.1650
116.3334 -148.2565 19.1700 -9.0860
115.9457 -146.0395 22.7974 -12.2313
83.5553 3.8738 124.8759 -27.4707
82.7666 4.3452 123.7617 -23.5532
113.7560 -140.3734 24.1562 -15.2919
115.7201 -151.9134 20.4413 -7.0555
84.6664 4.4463 130.4099 -27.0782
82.5333 5.4620 135.0445 -32.1048
83.3113 20.0921 140.3017 -44.4310
83.2673 8.7490 127.8061 -33.4468
90.9984 -25.6492 97.3913 50.9000
117.9729 -148.7990 22.0140 -11.9906
119.0273 -155.7810 25.4801 -9.6645
117.5688 -146.9243 28.2091 -10.9239
81.3888 1.2672 132.6411 -27.8315
83.3269 8.1483 131.8979 -30.7126
81.1250 8.7290 121.2561 -27.7962
85.8269 1.1185 131.1410 -29.8767
83.6475 19.0385 140.2453 -42.3954
83.4397 7.4342 126.2122 -37.0516
82.8179 20.1049 137.7304 -42.4535
83.2622 1.3274 132.0357 -32.9365
83.2288 2.9713 129.1668 -22.7726
82.5972 12.1593 128.3059 -34.0869
84.0175 3.8164 129.4798 -26.5061
-184.8439 -35.5734 -23.1520 27.3875
-180.9475 -20.3301 -13.3396 25.3623
-204.7532 -19.8574 14.2473 -73.3241
-197.0780 -17.7478 9.1024 -67.7178
-201.0575 -18.4925 13.5488 -81.6625
-123.9685 -135.5950 -70.3533 -35.2232
-204.3453 -24.7987 15.1593 -76.1651
-116.3268 -142.8494 -73.8579 -32.5870
-184.0881 -29.8664 -9.5521 12.3128
-188.4647 -23.3847 -6.5697 11.0380
113.7526 -148.2382 21.7546 -9.5146
110.9656 -118.7355 40.4100 -12.4756
86.0517 -24.1241 96.0813 52.6962
116.3417 -151.4832 15.2078 -15.1342
117.9063 -151.1109 16.8498 -10.8597
83.8691 6.3768 124.4775 -20.9992
80.9361 1.1550 114.1495 -18.4554
79.4326 -9.3043 110.8951 35.6176
81.4197 -7.3162 115.2055 34.3256
83.9050 -15.4761 108.6994 35.2910
81.4200 -13.9021 106.7321 34.9895
83.2942 -10.9888 110.9810 33.7247
83.9853 -10.2535 111.4533 33.4456
82.4915 7.4243 120.7509 -29.5268
83.4558 10.9814 129.3780 -32.7953
83.4632 3.1594 122.0377 -22.3026
84.9419 -34.3945 85.4898 87.9950
82.6280 9.5108 125.7651 -28.3105
82.9098 7.5442 122.7035 -26.7156
82.4851 8.5189 123.9604 -29.5574
82.4782 10.9662 125.2332 -28.5817
81.6768 -3.8826 127.1851 -42.7907
-176.0958 -18.6882 0.8549 46.4387
-184.6868 -26.0465 -0.8342 61.9412
-172.4440 -25.1668 -3.1475 60.4748
-158.4819 5.6718 11.0103 -59.4472
-171.2120 0.5807 10.7451 -55.0350
-174.9608 -10.2119 14.8872 -78.1715
-170.9849 -2.2772 10.7481 -63.5518
-168.5787 -10.2302 15.5469 -76.9756
-171.4860 -21.7404 -2.7658 61.5381
85.4403 -21.7727 94.8165 49.1650
87.7482 -16.9249 90.3291 53.6803
79.2957 -10.0926 113.5483 31.5895
84.3433 -10.3265 116.2891 30.0227
82.7732 -11.1378 110.1668 29.8879
81.6924 -8.9982 115.7597 30.3093
84.5692 20.7281 147.6042 -45.6363
80.4112 -7.4039 118.8069 26.7786
80.9987 -8.4203 118.4867 22.4390
80.7185 -11.6199 113.8903 28.7861
80.5816 -16.5899 110.9686 34.9004
78.8808 9.9100 128.2785 -25.7333
117.1078 -150.9338 13.5512 -10.2910
-192.0910 -6.1463 12.3872 -64.9937
-117.7444 -133.2581 -69.6799 -32.4744
-124.2791 -136.2406 -71.7000 -38.7622
-176.5333 2.3037 12.7222 -64.4528
-195.0502 -23.0531 -1.7719 10.2412
-186.7046 -6.1410 10.4294 -65.3103
-206.0945 7.8996 18.2063 -76.0363
-187.5608 -19.9898 -1.2493 5.4535
-188.6872 -28.2267 -4.0022 14.7259
-187.4562 -21.1226 -4.9022 17.8108
-191.8310 -20.6687 -0.4476 3.0781
-193.3517 -8.8470 10.6044 -64.4119
-119.9329 -138.9626 -70.6569 -34.9233
-194.5972 -23.0340 -0.0427 7.3465
-189.6866 -25.7175 -4.7646 13.9216
-191.2446 -25.1977 -8.1401 9.1229
-189.1965 -24.2066 -4.2231 9.3001
-191.0654 -24.6156 1.4658 4.0173
-195.6781 -22.8291 -2.7598 5.0508
-188.0938 -3.4983 12.6378 -59.9769
-117.8614 -141.3751 -75.2096 -34.7278
-187.8159 -35.1047 -26.3700 25.3630
-189.8899 -23.2841 -14.6218 21.5176
-119.3170 -141.0837 -75.2302 -37.8836
-159.2256 -1.1128 10.4193 -63.9428
-162.6091 1.2695 5.7912 -64.4446
-170.4746 -1.0098 11.0944 -57.6913
-160.2012 -20.4091 -7.5883 17.7951
-175.4404 0.8839 8.9420 -68.1788
-160.9185 6.2424 8.3696 -61.0320
-164.8795 -14.8100 -2.6314 4.9832
-155.8115 -19.3587 -10.3205 30.1476
-158.5278 -18.2925 -4.0213 54.7287
-162.4357 -18.3091 -2.6956 10.0109
-168.8848 -14.1351 -7.2112 12.3701
-157.3381 -34.5617 -23.6611 56.1052
-164.9625 -23.4646 -21.9386 17.2656
-166.8440 1.1698 15.3811 -65.3628
-171.4570 1.0677 11.0666 -65.3952
-171.9031 -20.9990 -5.2039 55.4811
-168.5870 2.4769 8.2861 -59.0493
-154.4336 -15.5446 -4.9379 11.1763
-168.2793 1.6249 13.0360 -60.9945
-167.1824 -15.5762 -4.7016 7.7335
-169.6320 2.1401 12.2114 -65.1268
-164.1415 0.4818 8.8992 -54.0152
-168.2339 6.3508 13.1032 -65.6009
-181.6494 -2.0422 14.8936 -66.8976
-168.9865 0.3990 9.5368 -65.2501
-165.3835 3.2297 9.7056 -59.1048
-169.9286 2.1796 12.4648 -63.7120
-161.4889 4.0689 10.4558 -58.8333
-165.3378 0.4430 7.5806 -54.3544
-171.5451 0.7022 14.3845 -66.3312
-169.2080 -4.1222 10.4295 -65.9067
-171.0869 1.0300 13.6103 -71.9636
-170.3060 -1.9130 14.8212 -69.5118
-168.0114 2.8982 8.5365 -70.2757
-163.1751 2.9761 9.1824 -63.5849
-167.3262 1.5923 11.9119 -60.7619
-175.6194 -5.6601 8.6180 -62.3097
-159.8224 2.0245 13.2385 -65.7774
-162.3033 4.2267 7.4971 -60.3121
-160.6612 0.8521 10.4631 -62.6458
-166.2016 -1.3301 9.3757 -61.8541
-155.9382 -25.6781 -21.8685 29.0860
-153.5802 -25.8477 -26.2301 30.5333
-169.8022 -14.6889 19.3459 -76.6062
59.6274 67.6553 -40.8671 41.5970
56.6354 61.6760 -35.7174 37.8307
59.2834 48.0236 -2.0706 42.8941
53.4629 57.2531 -28.7353 42.2003
63.0521 61.8498 -37.2129 39.8245
53.8845 43.3481 3.6605 46.5281
57.3546 48.0698 -3.7403 41.5939
64.5049 65.4155 -30.7113 45.1931
54.7665 49.5187 -8.5474 47.3250
58.7335 57.7651 -32.1739 40.5797
50.3994 64.0413 -44.9481 40.2312
56.1959 73.3498 -66.5475 34.6605
61.7019 50.6749 3.0233 46.5087
64.3681 63.9646 -36.4117 44.5742
-143.0275 -4.1855 -24.4714 31.1805
-136.4583 -5.5740 -22.8498 30.0280
-143.5562 -5.1346 -24.4581 31.7537
-140.0411 -4.4967 -24.1599 33.3226
-113.6265 7.3315 -31.6820 33.9930
57.5565 43.6881 -4.7431 44.3672
61.0278 41.9557 7.0964 44.3512
50.7386 47.4214 -9.8362 44.9488
76.3108 33.9302 50.5629 35.7845
72.0581 57.9067 51.8339 -32.4978
63.4291 43.2339 30.3559 28.5986
65.0718 46.6524 10.8581 26.8045
55.5174 40.4430 -0.6992 32.9911
71.2307 43.3642 29.1294 29.3647
67.8849 44.1456 38.4201 26.8648
59.6239 41.2089 12.2837 33.4726
59.4001 36.3867 15.3818 38.8481
57.6070 70.2235 8.0754 -37.2661
58.5651 44.3524 -1.4857 38.4787
62.7814 50.2264 -15.2078 31.5946
63.1791 42.4554 20.1708 32.4621
60.4124 40.9434 8.6647 27.0771
55.5618 51.6998 -2.1591 29.0266
-109.5016 3.9558 -28.9870 30.7627
-102.2452 10.0810 -31.7437 26.9452
-117.5265 5.8625 -32.4395 28.9073
-152.0636 -8.0714 -17.7849 30.5066
-138.0651 -5.2379 -22.2123 28.2204
-147.4530 -8.7227 -23.2561 31.3933
-149.5700 -9.3155 -24.5036 32.5545
-108.7153 8.1971 -30.0826 32.2128
-158.0010 -7.5689 -18.2273 31.0494
-158.1314 -11.2494 -21.6623 35.7646
-89.2021 28.4028 -9.2287 -51.7039
-143.6589 -3.1132 -24.3296 26.9156
-106.2965 10.4285 -19.1577 15.3067
-134.6316 -2.5692 -14.5397 14.8760
-139.6527 -6.6051 -13.7480 15.9603
-114.2936 3.7341 -19.0946 16.8151
-170.7309 -30.4651 -15.9852 18.4383
-126.6285 -4.9794 -15.4631 17.1248
-159.8335 3.2315 10.0330 -54.9920
-117.6271 16.5114 -1.7815 -52.7436
-173.6002 -12.5863 7.0709 -64.7964
-131.2926 -7.1079 -15.6938 17.5631
-156.4514 7.0534 8.8820 -69.0017
-155.8696 -7.5568 -8.8062 8.0708
-134.4619 1.7116 -12.6399 16.5789
-83.5152 20.1944 -22.4705 13.9436
-110.9822 24.8975 -2.1763 -61.1890
-142.7088 1.1062 -0.0872 -53.6988
-141.0771 -9.5707 -16.5092 16.3150
-150.2391 7.1402 7.0033 -54.3446
-144.2999 33.4316 5.6612 -69.1012
-117.8684 10.8767 0.3195 -52.5832
63.2686 97.4873 -40.7125 -46.0005
62.1790 96.3259 -38.8133 -41.8662
61.5429 100.7221 -44.2476 -40.0728
63.9783 98.1510 -38.0166 -46.9369
57.6892 79.6625 -51.0230 -36.7979
62.2546 100.4565 -42.2548 -45.7966
59.6516 98.0919 -48.7251 -37.8025
61.7099 99.6283 -41.4734 -42.5155
60.2318 95.0593 -44.0996 -37.6367
65.3895 96.6923 -47.4135 -40.3223
61.9535 93.6519 -42.6891 -39.3251
62.6286 100.3895 -48.1795 -48.7469
59.9370 95.7665 -47.8395 -45.7850
60.6244 97.6404 -41.6523 -38.0871
61.4998 97.2254 -49.4699 -43.6517
60.3939 97.9099 -45.8271 -42.2220
60.8752 98.4639 -40.9336 -45.8894
91.5015 -58.3143 -118.8685 -21.8468
87.4016 -32.2863 -116.8359 -23.3153
91.5006 -57.6897 -121.1136 -23.9410
89.9192 -59.0141 -120.1152 -20.5298
92.3271 -58.9045 -125.3747 -22.2351
90.7716 -57.0791 -124.7273 -23.6228
94.9865 -68.4639 -125.7443 -19.5377
93.5560 -55.0931 -129.0203 -23.3378
94.4520 -58.9271 -123.1740 -19.7606
94.0838 -48.1257 -118.9231 -17.9286
59.6363 82.3367 -44.9036 -38.7852
56.6970 82.8456 -44.2477 -40.0790
90.4521 -49.0791 -118.6065 -23.4776
61.6163 75.7193 -69.1436 40.5934
62.9627 78.5631 -69.4091 37.4076
63.0310 76.2018 -66.7369 38.6779
62.5067 78.8626 -70.0029 36.2767
61.3942 78.0859 -71.8143 38.8912
62.8938 77.4318 -65.0818 39.9073
58.9476 81.4249 -66.2117 39.2599
60.4822 80.2000 -70.3715 38.4092
62.6647 77.6662 -68.2424 36.2775
66.6821 68.8385 -78.9624 43.9695
65.3683 74.6927 -78.0546 35.6036
65.9686 65.9508 -78.6331 39.3653
67.1194 64.5285 -77.9618 40.0291
69.5755 62.5074 -83.4120 44.8188
68.6689 66.9766 -83.7409 33.9853
67.3093 69.1762 -84.3105 45.2759
61.2850 79.2218 -60.5974 24.2331
59.5017 77.1100 -61.1706 23.2328
60.5232 78.4397 -61.5246 25.0698
61.1776 77.6600 -59.1313 21.7520
58.1735 77.8057 -53.8425 18.0565
60.2212 72.4487 -57.8467 26.7213
58.3194 88.4134 -46.0854 -52.6715
61.5119 80.2845 -59.0941 26.3293
60.0776 114.1031 -44.6888 -46.8206
94.7337 -73.4604 -60.6610 -10.7915
56.6111 51.9018 20.7470 81.1473
64.2922 76.2741 12.3293 -23.5884
56.4343 56.3089 11.2457 79.7497
55.9931 52.3304 19.1732 78.9482
59.2515 60.8638 19.2991 41.4582
63.8889 60.9525 9.3846 39.6218
61.5794 59.6942 11.2898 40.2399
54.8870 56.3112 17.2070 83.5015
60.8214 56.8927 5.5001 40.1298
63.8777 53.0868 6.1655 43.1096
63.1378 60.2965 12.7448 40.0789
59.9711 56.2311 16.1753 41.9749
60.9421 56.9572 6.1266 44.5438
60.6793 81.7188 30.9542 -25.0520
63.4538 81.2992 28.5295 -26.7603
64.6193 74.2217 24.3791 -16.0972
64.2884 73.9283 22.4431 -24.1807
61.8452 73.9447 27.2361 -21.6482
63.7929 79.2510 33.8811 -26.5960
60.1753 79.5134 33.5870 -21.9045
59.0956 77.2258 20.7697 -18.2145
63.8111 78.8277 25.2184 -26.1438
54.3256 50.5595 14.1391 82.0474
50.8725 50.1187 13.8947 88.7445
59.9505 68.6718 27.5571 -30.3185
103.2022 -102.2265 -69.3502 -9.4875
